
dataset_one <- c(50, 10, 4, -3, 4, -20, 2)

dataset_two <- c(24, 20, 1, 45, -15, 40)


